200
1975311
1975312
1975313
1975314
1975315
1975316
1975317
1975318
1975319
2975321
2975311
2975312
2975313
2975314
2975315
2975316
2975317
2975318
2975319
2975321
3975311
3975312
3975313
3975314
3975315
3975316
3975317
3975318
3975319
3975321
4975311
4975312
4975313
4975314
4975315
4975316
4975317
4975318
4975319
4975321
5975311
5975312
5975313
5975314
5975315
5975316
5975317
5975318
5975319
5975321
198765431
198765432
198765433
198765434
198765435
198765436
198765437
198765438
198765439
298765431
298765432
298765433
298765434
298765435
298765436
298765437
298765438
298765439
598765431
598765432
598765433
598765434
598765435
598765436
598765437
598765438
598765439
698765431
698765432
698765433
698765434
698765435
698765436
698765437
698765438
698765439
598765431
598765432
598876541
598765432
598765433
598765434
598765435
598765436
598765437
598765438
598765439
498765431
498765432
498765431
1851
1852
1853
1854
1855
1856
1857
1858
1859
2851
2852
2853
2854
2855
2856
2857
2858
2859
3851
3852
3853
3854
3855
3856
3857
3858
3859
7851
7852
7853
7854
7855
7856
7857
7858
7859
8851
8852
8853
8854
8855
8856
8857
8858
8589
8859
5851
5852
5853
5854
79421
79422
79423
79424
79425
79426
79427
79428
79429
89421
89422
89423
89424
89425
89426
89427
89428
89429
69421
69422
69423
69424
69425
69426
69427
69428
69429
62943
99421
99422
99423
99424
99425
99426
99427
99428
99429
59421
59423
59424
59425
59426
59427
59428
59429
49421
49422
49423
49424
49425
